0.000
0.006
0.013
0.019
0.025
0.031
0.038
0.044
0.050
0.057
0.063
0.069
0.075
0.082
0.088
0.094
0.100
0.107
0.113
0.119
0.125
0.132
0.138
0.144
0.150
0.156
0.163
0.169
0.175
0.181
0.187
0.194
0.200
0.206
0.212
0.218
0.224
0.230
0.236
0.243
0.249
0.255
0.261
0.267
0.273
0.279
0.285
0.291
0.297
0.303
0.309
0.315
0.321
0.327
0.333
0.339
0.345
0.351
0.356
0.362
0.368
0.374
0.380
0.386
0.391
0.397
0.403
0.409
0.414
0.420
0.426
0.431
0.437
0.443
0.448
0.454
0.460
0.465
0.471
0.476
0.482
0.487
0.493
0.498
0.504
0.509
0.514
0.520
0.525
0.531
0.536
0.541
0.546
0.552
0.557
0.562
0.567
0.572
0.578
0.583
0.588
0.593
0.598
0.603
0.608
0.613
0.618
0.623
0.628
0.633
0.637
0.642
0.647
0.652
0.657
0.661
0.666
0.671
0.675
0.680
0.685
0.689
0.694
0.698
0.703
0.707
0.712
0.716
0.720
0.725
0.729
0.733
0.738
0.742
0.746
0.750
0.754
0.758
0.762
0.766
0.771
0.775
0.778
0.782
0.786
0.790
0.794
0.798
0.802
0.805
0.809
0.813
0.816
0.820
0.824
0.827
0.831
0.834
0.838
0.841
0.844
0.848
0.851
0.854
0.858
0.861
0.864
0.867
0.870
0.873
0.876
0.879
0.882
0.885
0.888
0.891
0.894
0.897
0.899
0.902
0.905
0.907
0.910
0.913
0.915
0.918
0.920
0.923
0.925
0.927
0.930
0.932
0.934
0.937
0.939
0.941
0.943
0.945
0.947
0.949
0.951
0.953
0.955
0.957
0.959
0.960
0.962
0.964
0.965
0.967
0.969
0.970
0.972
0.973
0.975
0.976
0.977
0.979
0.980
0.981
0.982
0.983
0.985
0.986
0.987
0.988
0.989
0.990
0.990
0.991
0.992
0.993
0.994
0.994
0.995
0.996
0.996
0.997
0.997
0.998
0.998
0.998
0.999
0.999
0.999
1.000
1.000
1.000
1.000
1.000
1.000
1.000
1.000
1.000
1.000
1.000
0.999
0.999
0.999
0.998
0.998
0.998
0.997
0.997
0.996
0.996
0.995
0.994
0.994
0.993
0.992
0.991
0.990
0.990
0.989
0.988
0.987
0.986
0.985
0.983
0.982
0.981
0.980
0.979
0.977
0.976
0.975
0.973
0.972
0.970
0.969
0.967
0.965
0.964
0.962
0.960
0.959
0.957
0.955
0.953
0.951
0.949
0.947
0.945
0.943
0.941
0.939
0.937
0.934
0.932
0.930
0.927
0.925
0.923
0.920
0.918
0.915
0.913
0.910
0.907
0.905
0.902
0.899
0.897
0.894
0.891
0.888
0.885
0.882
0.879
0.876
0.873
0.870
0.867
0.864
0.861
0.858
0.854
0.851
0.848
0.844
0.841
0.838
0.834
0.831
0.827
0.824
0.820
0.816
0.813
0.809
0.805
0.802
0.798
0.794
0.790
0.786
0.782
0.778
0.775
0.771
0.766
0.762
0.758
0.754
0.750
0.746
0.742
0.738
0.733
0.729
0.725
0.720
0.716
0.712
0.707
0.703
0.698
0.694
0.689
0.685
0.680
0.675
0.671
0.666
0.661
0.657
0.652
0.647
0.642
0.637
0.633
0.628
0.623
0.618
0.613
0.608
0.603
0.598
0.593
0.588
0.583
0.578
0.572
0.567
0.562
0.557
0.552
0.546
0.541
0.536
0.531
0.525
0.520
0.514
0.509
0.504
0.498
0.493
0.487
0.482
0.476
0.471
0.465
0.460
0.454
0.448
0.443
0.437
0.431
0.426
0.420
0.414
0.409
0.403
0.397
0.391
0.386
0.380
0.374
0.368
0.362
0.356
0.351
0.345
0.339
0.333
0.327
0.321
0.315
0.309
0.303
0.297
0.291
0.285
0.279
0.273
0.267
0.261
0.255
0.249
0.243
0.236
0.230
0.224
0.218
0.212
0.206
0.200
0.194
0.187
0.181
0.175
0.169
0.163
0.156
0.150
0.144
0.138
0.132
0.125
0.119
0.113
0.107
0.100
0.094
0.088
0.082
0.075
0.069
0.063
0.057
0.050
0.044
0.038
0.031
0.025
0.019
0.013
0.006
0.000
-0.006
-0.013
-0.019
-0.025
-0.031
-0.038
-0.044
-0.050
-0.057
-0.063
-0.069
-0.075
-0.082
-0.088
-0.094
-0.100
-0.107
-0.113
-0.119
-0.125
-0.132
-0.138
-0.144
-0.150
-0.156
-0.163
-0.169
-0.175
-0.181
-0.187
-0.194
-0.200
-0.206
-0.212
-0.218
-0.224
-0.230
-0.236
-0.243
-0.249
-0.255
-0.261
-0.267
-0.273
-0.279
-0.285
-0.291
-0.297
-0.303
-0.309
-0.315
-0.321
-0.327
-0.333
-0.339
-0.345
-0.351
-0.356
-0.362
-0.368
-0.374
-0.380
-0.386
-0.391
-0.397
-0.403
-0.409
-0.414
-0.420
-0.426
-0.431
-0.437
-0.443
-0.448
-0.454
-0.460
-0.465
-0.471
-0.476
-0.482
-0.487
-0.493
-0.498
-0.504
-0.509
-0.514
-0.520
-0.525
-0.531
-0.536
-0.541
-0.546
-0.552
-0.557
-0.562
-0.567
-0.572
-0.578
-0.583
-0.588
-0.593
-0.598
-0.603
-0.608
-0.613
-0.618
-0.623
-0.628
-0.633
-0.637
-0.642
-0.647
-0.652
-0.657
-0.661
-0.666
-0.671
-0.675
-0.680
-0.685
-0.689
-0.694
-0.698
-0.703
-0.707
-0.712
-0.716
-0.720
-0.725
-0.729
-0.733
-0.738
-0.742
-0.746
-0.750
-0.754
-0.758
-0.762
-0.766
-0.771
-0.775
-0.778
-0.782
-0.786
-0.790
-0.794
-0.798
-0.802
-0.805
-0.809
-0.813
-0.816
-0.820
-0.824
-0.827
-0.831
-0.834
-0.838
-0.841
-0.844
-0.848
-0.851
-0.854
-0.858
-0.861
-0.864
-0.867
-0.870
-0.873
-0.876
-0.879
-0.882
-0.885
-0.888
-0.891
-0.894
-0.897
-0.899
-0.902
-0.905
-0.907
-0.910
-0.913
-0.915
-0.918
-0.920
-0.923
-0.925
-0.927
-0.930
-0.932
-0.934
-0.937
-0.939
-0.941
-0.943
-0.945
-0.947
-0.949
-0.951
-0.953
-0.955
-0.957
-0.959
-0.960
-0.962
-0.964
-0.965
-0.967
-0.969
-0.970
-0.972
-0.973
-0.975
-0.976
-0.977
-0.979
-0.980
-0.981
-0.982
-0.983
-0.985
-0.986
-0.987
-0.988
-0.989
-0.990
-0.990
-0.991
-0.992
-0.993
-0.994
-0.994
-0.995
-0.996
-0.996
-0.997
-0.997
-0.998
-0.998
-0.998
-0.999
-0.999
-0.999
-1.000
-1.000
-1.000
-1.000
-1.000
-1.000
-1.000
-1.000
-1.000
-1.000
-1.000
-0.999
-0.999
-0.999
-0.998
-0.998
-0.998
-0.997
-0.997
-0.996
-0.996
-0.995
-0.994
-0.994
-0.993
-0.992
-0.991
-0.990
-0.990
-0.989
-0.988
-0.987
-0.986
-0.985
-0.983
-0.982
-0.981
-0.980
-0.979
-0.977
-0.976
-0.975
-0.973
-0.972
-0.970
-0.969
-0.967
-0.965
-0.964
-0.962
-0.960
-0.959
-0.957
-0.955
-0.953
-0.951
-0.949
-0.947
-0.945
-0.943
-0.941
-0.939
-0.937
-0.934
-0.932
-0.930
-0.927
-0.925
-0.923
-0.920
-0.918
-0.915
-0.913
-0.910
-0.907
-0.905
-0.902
-0.899
-0.897
-0.894
-0.891
-0.888
-0.885
-0.882
-0.879
-0.876
-0.873
-0.870
-0.867
-0.864
-0.861
-0.858
-0.854
-0.851
-0.848
-0.844
-0.841
-0.838
-0.834
-0.831
-0.827
-0.824
-0.820
-0.816
-0.813
-0.809
-0.805
-0.802
-0.798
-0.794
-0.790
-0.786
-0.782
-0.778
-0.775
-0.771
-0.766
-0.762
-0.758
-0.754
-0.750
-0.746
-0.742
-0.738
-0.733
-0.729
-0.725
-0.720
-0.716
-0.712
-0.707
-0.703
-0.698
-0.694
-0.689
-0.685
-0.680
-0.675
-0.671
-0.666
-0.661
-0.657
-0.652
-0.647
-0.642
-0.637
-0.633
-0.628
-0.623
-0.618
-0.613
-0.608
-0.603
-0.598
-0.593
-0.588
-0.583
-0.578
-0.572
-0.567
-0.562
-0.557
-0.552
-0.546
-0.541
-0.536
-0.531
-0.525
-0.520
-0.514
-0.509
-0.504
-0.498
-0.493
-0.487
-0.482
-0.476
-0.471
-0.465
-0.460
-0.454
-0.448
-0.443
-0.437
-0.431
-0.426
-0.420
-0.414
-0.409
-0.403
-0.397
-0.391
-0.386
-0.380
-0.374
-0.368
-0.362
-0.356
-0.351
-0.345
-0.339
-0.333
-0.327
-0.321
-0.315
-0.309
-0.303
-0.297
-0.291
-0.285
-0.279
-0.273
-0.267
-0.261
-0.255
-0.249
-0.243
-0.236
-0.230
-0.224
-0.218
-0.212
-0.206
-0.200
-0.194
-0.187
-0.181
-0.175
-0.169
-0.163
-0.156
-0.150
-0.144
-0.138
-0.132
-0.125
-0.119
-0.113
-0.107
-0.100
-0.094
-0.088
-0.082
-0.075
-0.069
-0.063
-0.057
-0.050
-0.044
-0.038
-0.031
-0.025
-0.019
-0.013
-0.006
-0.000
